===== Задание 1 =====
Входные данные:
4
1 1
2 2
3 3
3 1

Выходные данные:
YES
1
YES
1 3
2 4
NO
YES
1
2
3

===== Задание 2 =====
Входные данные:
4
1 7 9
2
2 0 2
1 3
4 0 1
1 2 3 4
2 1000000000 3000000000
1000000000 1000000000

Выходные данные:
Alice
Alice
Bob
Alice

===== Задание 3 =====
Входные данные:
4
25 4
9 20
1 1 10
25 4
12 20
1 1 10
100 1
45 2
0 4 10
9 2
69 2
4 2 7

Выходные данные:
YES
NO
YES
YES

===== Задание 4 =====
Входные данные:
4
2 5
1 5
3 10
2 4 10
5 3
1 2 4 5 7
4 1000
3 25 64 1337

Выходные данные:
3
4
1
470

===== Задание 5 =====
Входные данные:
7
4 6
4 7
1 2
3 7
2 5
100 1
1000000000 923456789987654321

Выходные данные:
3
4
1
4
3
1
1608737403
